$ANSIBLE_VAULT;1.1;AES256
38633965646136376139653364643639623431343066393062376361333264393635386331313063
3133313365386532613766636265346133353330666630390a373964346237316135626135663066
39393138306261313336626439336265363465333238376339663163383865623464663933323862
3239633863643566660a373763353765663864376236333736343635653935666566333361343962
32326239343064643338613366313463343263666162656661663235643666633332326131376661
63396466613064323332303835316662613464326137396639653064353535316363333937666537
62623138363766376435663962643835356437613331366433373365663166323130316261633962
66636337636231663965393965623635336131343731386161346230313931376531373333333364
33333135653039303233323638643638666165303239626532643334623861623661663535363436
32353835333739633061383133333438636138663430633231346231633333666139343663653664
36383138323535666631333865636632386532316264613239393236633462383635303565326431
35393238363436666339643461353036643834373863636166383335623135343535343465396162
30616165386638393137633832616233623339616363663832393035373336353365366664636333
66393436366638666231613565313339323632306136383033626139336432626437363165623963
32386531313962333533626436343366653739373162393831616235643661313032613534616666
31353864313630353538626432303866653864363038363364626439323936616539626636633139
38303937643466353237383530636533303638306161313562373036663664393436303339313232
38626633323866313534356535663661643662383230623433666635623265633337623532373137
63613634303562656232626238636662303131333762656330346635306534363862623836366164
31386231636361363730373539306163383737656164646234636264323139666266386636346235
30353462343964313839373064626235343164303131636161636331376137626131393566666239
64613435356630653237323139343466353162393438306332366536656633646165633731323664
36373431386233343334393636373064643634306661393131636332323738653565663534653137
35653531663263376539643035656236666164353961366133363137643538643435383865393464
66663262643331623563663937643330623132616538376137616364396338633266616565643033
37393331636635666132316236343733373365333236356264633030623131666439616535346635
66346236336437393333626533333164306230373934356630323861306564373230333930666634
35633732333333373537656365376665623465333962396634623232306630376337656531366532
34663737346131373634396666666634613434313861653531363831623465336438633562653334
61353530646563373431663034643430383266623361363362623566626530303564666261373564
66316166393834616563616531383666396230626236396432383061383430373831336265336536
64666634653338333633333835373833353933616238633136616466646462613136643364373332
37326534353330343562343932663065643932333565663531356335633262323365643866356462
36373063636465303566653037356333623637313264383439343664613864663961623761333332
61333066373763336563323832646366613061623135356534646665613336323638363136636537
35303463323738643861646331323863373362386334323134646238376335636366376230616434
63363931666332303734323537343334353534363366646661636662653835626334666435343736
36316537316564383062643062636135313639623261363863363163363538353963636365616537
33353831613361303333666231626234393965303632386630383865343361643466386661336166
31373864306133326138666362393564353435303336376434623165323063633934663261633766
63316330373933343539366639373639666161666632353761353734383564633763386162343962
34303630663735623564383264363165336233363465633734333939386635363330643564386332
63316566363736343238393465313832613237373736313363623538376363383733626461323063
61366439653066353631333334346237386630343466373234386664376365633236663266626365
35646630373234633232633266636636623731623433643661313930613065376562646366646232
63656462356663346234323430663366396665643030313630376337376164383765353833366263
63303666383866313965663839363462336462623137306430656434346261313861373136363363
62336461343239333965366337643831633437383937326630343938663631626632633165353439
35643434306562303931643161303464376432653430356634613164386239333831643436363965
65633434666235373738356639346664653464633035613863366462356538383262313330323030
31643938393539663562303035613034333232653533376135643065393963636366393231633663
30653362656334323766343938383363313533656138643162663032623637326436636234363533
64636435386264373139316661373032333135653635303937366366333932323963643730316231
34303730316263333231646561646437616139396331633966643161653736626130663831646132
30626635653034306537303031306136346530653030633264646330333839646435633664323630
64653164306130636135663532306438353965613831663534396366363039383031396165633232
34653530376563353635643161396539623033646165666663386233633730656536336135636337
61346565346431303133666565643239383035323237633434333334666564396534343461346236
63373062636136366134653363333061383738613636656531306237636362393334363035396434
62396334343163323235363265313138336663363539613039393162356239383033343530306239
34323037326433323161343965336630636536666432303439623034613130353532663165613934
33303732356539353865636461393235366462326236386537626534353164633363316563306366
61346138373731356239643266353664306561316562656661643564613062373135386530666632
65623461636661343365666661633161636662323538306335653461373236306434383339356562
36643961646532386665316630636537386639306435333765613463303166636235653565636534
63663234393639323461393736363336396536633565303134313535653461643038353163333132
38653264633030653837613161323834623632333265366435636130323238303763633333363436
64613365323939373736636633316635333865643266636266343035613864356637613466336464
61376263396635356131376433356230333234323835636330623437326135626636346538353030
31623035353438663439383461653133393830386234376532613464336334366162316538383733
65376266626635316230386464636132623936393961383961653263396461313061353238356334
34373535383235383931623666626433656466363730366266363563313330393030386631333665
38363632343665386466386563633530356131643731366362616435643534613164393934393333
33386531316261386138343163383830666533343934656635303865646236303838643466316162
61363634633339653337386532653530373634633837633364666632653063316535616162656534
38343131623961313039663831663531646137383361363239346630373566626233373836306433
61623033316534353531323863343135646464656262343830313332656338336331303432373863
38316438663433353561393038613035316233636362323265376332313931383531363436616465
32393963386130343734633733353536316636636138393461323335393861373931373961633161
31623762323532353965303633343531393339356461306533306366653930343931343462623535
62656363326534376462636464653166383861373362333133373530343666656439646363363933
61643061613231343539646565373738353537303038623763383035383034626466626534666636
33396164383330653535353962326561396162663461376263356163393139623836663832326436
36663662656265336663633635313439653466356134383662656636643264613431396431653362
32633138386431363535376535393662656334623761353834633937626563383434393830373262
35353137333932386237343366316237646565323639343836353537313666646232633233303965
34313138386138666137386535363636353861373861346436313431633162626230393531386130
62663361646232363466306266396538303739366162346266346262636332383863346334393030
66383938626538393332643539333066353531616638343962383331653030623763316635353464
61633261363133633162313230323265653332396634613864363035303235653361333135366533
35386262323531623863623834306561333232376637616463653230346134346565323261303765
35363036366539343062303863333037313533623637613430623536316131363162393832356332
39326432613265663765633132636235616430353130636436643262373465356361383161386166
39393132366462326236323237623931396564356232633065626461316335386235313166356339
34626265613866663265393934306633626632646432656532303461353662353938323836313762
66376233653238633633616336303734313632666135376238346635373962623130353737343136
63306134626631313161393937346665306262383339316361376432373432303334353136623636
34656664653061303735393432613036633964343863393432666438616239376563333034663237
37613266353331333261356136353738353439643564393361353132323962653938376137383235
31316335316335666161623338313564363561383734643639373036353633313037353637313034
61656564613562383464366131373034666436656338653666356533636134643462386435663634
65346263616339396361393432663238323032646537303338343434313936316230393932393535
65303236303739336366353463326666373433363030313731323330376166316137643364653864
63303063313136303666666333633333666539663635613562353235663761636332656666663435
32623464626561393934373064383635393533336235616337333663326134343364343737336130
65643331363763613430393930393566626362343034373038333061393431363361383234363866
34646263303934393732333335353038356531373437386531313334353632323161646532643164
66613338646363313330316333626434333739646561623564653562616161396139393832353861
65313633343437323165396434383137626630353738353630616138353262323637373131666239
36653932306137333532333965643637393361333965663361663862613135373735626439376534
35653966663831346134323963303531653664623366356630663862326334396237333531306566
31646135383538366532656561383062313335633764326331303038366135363961346462663165
39346637643865353838613233343365366561653035646432306638396662376230356239373139
30613264313539613634383538363832353865353531353065316161636332613962336562383632
35346664646563386538363732643535313435386334646464376563383762376638623538643361
62383934316238346237366365376261353237363564306163616238646235373730386434363065
31303637653234636365613535663861303063303066653132363235356630636435333461623033
38313865333638336662336138663133363632393639646433643661373164333034343865303062
39636533376531323432633239623839653662363261373938363761643964383363303163303866
39306534643263326430343533666136306161326162613036323037616561643839303137333332
34313731663935666537353935613332626431653763396130366465663434646664343164356437
64313837303735323864396231373039666239653534626162613262623362393034646636633963
63373935393765303539343766313739373636306461643030353834343433366666306634363862
38323235356332636136393363326433613930343965393763346162656362356663373962313935
34646566613339646432353334623739613565633939336265663165626635343066333339636263
64303361306435383938646531633066323138323463366637333137643137656364333262633433
35376231626339636366613437643761373730363763343238313235303966643539633265623836
61383465313831646638323166646530336263386366623036353031653564626633393666343362
32313262346432656263306263323032616531363932303931653532633738346134346265353137
30346166386230613763653365363330663637623264353862653162376332343432613738643464
37626531663164393530326538626335633634613965333434663630323734653436663463616465
64333935663839636333656365656333306464363434643632343864636361616661666361336165
32373735666635383733633632303463393862663335333065336462346539663332623165386536
35346535336431626130326164363931646135313232303036323138343434623762343138303463
31666164383938623564366465633636643635663636346231303134393963666130383132353134
32336634356331623233343262363461376434343733316434326234316639346161393864303136
64306462363034623362366537346639613033363836653632356465323737323933333737376262
61646433393139313366343339353038633463316332646133393935626564616339356636346461
64323133353530383365636662663334393630663664353737646134623238613439663831373039
64656131336237653930636136643838366564623737346337636162653164376461353365613065
66346536306561393535336135616532346533633865623561386464366137356564663865646164
62313461336666336332363162646533356264636431373566346539643334626539313735313666
34373134333339643333323536313439666635326265326236336462623439383037623166643135
66383265303234373231353439363536643737306661616137386338636430323334633335396438
62623832346166666132663961343665373836623334613639313239336338626134613439613065
64353533393965616430303136613031663434323732656233373237386661346361323834613865
30343234633430323262383736303034393830373063346535373136383536316234663865363330
63343637373366656639303733383539613031653862346434393233356538313662636165306362
65363834343039393963363733306561303266323434653437626634303632623730626330646231
39336362363332333961333365306532653235393235643164633139346537626137323336323935
31393730326238303638373762666535316466623566613134333337656133663361343837616237
66306635386438306339323731623361396437313733323033663062386363336337386362663564
30326664383738646265646466633237383331336162376436646533646666653531666664396563
66323231366662303033333963616333383562623561613333323562626236363631656439343834
65326136393339323932666466316665306661393632336238313433623330616531396263626561
30636638636233396661353665343966356537653637303365356132623535616366643630393130
65303662353530313138393933306630313631383062653332393635356164323036306163663238
32386433633465613335356633333761326333643930313332396433393734613561343833643364
62656534353132306132386437393962333435333336353266336661343165643631613531636566
31646162643934316162346664333237613536366163363461343362313032306266666264393031
63663635313663666139336632343361316363386361313131333734386462386631623830623737
31613432616537666133633434636637333265323131306231623031363362373935343733666561
30643463333337623635326262373636613439633831393763396637393137663563343731633336
31306564366535383939333139653437336131643734396364363465306561613866356464383634
66626533373632366136336363653231396432373338303232666634333437643536353931613837
33326332363764373131393766643439383530376636363365626134626465316661663334316330
34393863303834373933323134643838316237393366626361393839666134613935643762336335
34656661666331303938663966363437643435363936313437303661333830626565386230616361
34353165663034373033303162386639633937643866623034333664636538653338346564306163
65363439663439353335663835353430633763346563646563373431323836616330653939303232
36376466613938616435616435653437623963313463613039383033643364643364356132346132
35633433306263336638333935313830316564663536393932303837393239623463396562316530
61363837393536623631323462313338316166353336643933343966383833376334
